Coefficients:	42.919047338325164	-261.9604708425627	547.5377634699331	352.4703739196534	-634.0264538379519	285.1001639611911	-9.406244981417581	197.499845689509	670.7500062699994	11.664263875738593
r-squared:	0.11033118694068379
p-values:	0.8154426239861415	0.16519044539299094	0.0076744995133868855	0.07954636357320609	0.6183011469311712	0.7825187626122191	0.988602487638276	0.6940802843042247	0.20280930858643514	0.9546000343955627
