Coefficients:	202.06904706762734	-89.52204540739572	-82.6717713179449	55.773979461455596	-51.11291541552853
r-squared:	0.853650813515046
p-values:	0.0026629675869213193	0.20118747928975686	0.004520187877159268	0.00016185242444793292	0.12875024516107977
