Coefficients:	0.023990717150445356	-0.06059535365306642	-0.3731113467409717	0.0003717970089456438	-0.04580048297022797	-0.0003483873829745981	0.07979313463107517	0.046055020443786655	0.048801438741950455	0.8161506634466639	0.04805271466223692	-0.6164634763986789	-0.00013440425032471608	2.601824559892042e-08	0.41778487609979514	0.3784638827058851	78.58432599158428	-0.001968182777937912
r-squared:	0.9923280022665489
p-values:	5.047199709537243e-05	0.3497087940967376	0.043056194340204045	0.678381213687183	0.4285180251024827	0.0015474383240359987	0.03923761548882394	0.34409785148634187	0.14979582592359986	0.0014909650979291014	0.5063995851562346	0.051203551147383265	0.12549325365852057	0.1806250905402505	0.20519604837853084	0.23751842685635602	1.0612748726188134e-10	0.9969693311647538
